0.000000000000000000e+00 7.453561415712697169e+01 4.109913459889123260e+03 3.047995706835705732e+03 2.266911731360041813e+03 9.735388173508504224e+02 4.190100799370928144e+03 3.301893396219811166e+03 4.757742197606853551e+03 3.044348180554331520e+03 3.094978054490497925e+03 3.986261149108132486e+03 5.092505430095836346e+03 6.406149567403533183e+03 5.903388857258176358e+03 8.436198480292465320e+03 6.962778000833352053e+03 6.693612230245257706e+03 6.575924129648159578e+03 8.009386876589798703e+03 7.398462747143097658e+03 7.266049135917106469e+03 7.424952716351917843e+03 9.639271595117781544e+03 9.229436602523472175e+03 8.320273120450367060e+03 9.300612355885201396e+03 8.102468759581859558e+03 7.798697942000429975e+03
7.453561415712697169e+01 0.000000000000000000e+00 4.069705149024928232e+03 2.999490729922147693e+03 2.213594362117867149e+03 9.006170933803620073e+02 4.137397248808054428e+03 3.238526768111973524e+03 4.701359128899737698e+03 2.969895277427960536e+03 3.020669560801969510e+03 3.913828776843009564e+03 5.023749200326166829e+03 6.336659395844507344e+03 5.828855408892707601e+03 8.368359748414794012e+03 6.889867735950298083e+03 6.619583748578489576e+03 6.501495570935113392e+03 7.937761389991793294e+03 7.324427100849628005e+03 7.191688068742884752e+03 7.350714029915649007e+03 9.570382625812015249e+03 9.159224252510568476e+03 8.247710137028607278e+03 9.230459912942826122e+03 8.028836908156608843e+03 7.724474366167594781e+03
4.109913459889123260e+03 4.069705149024928232e+03 0.000000000000000000e+00 1.172366994114424415e+03 1.972941965694885766e+03 3.496228093086732770e+03 8.910043851993362978e+02 1.814907357905018898e+03 1.415489674596351733e+03 3.672797925136761023e+03 3.777160845867642365e+03 2.995644924627156342e+03 2.876147144667287193e+03 3.903801787865831557e+03 5.055827179382001304e+03 5.441226388314392352e+03 4.989600262434744764e+03 5.150215706593698997e+03 5.315726139380102722e+03 5.594540973524497531e+03 5.726219769242225084e+03 5.809839744614196206e+03 5.856586662007038285e+03 6.674682741857059227e+03 6.464690402314542553e+03 6.060161328252279418e+03 6.521928879131116446e+03 6.164256255849342779e+03 6.162548481235685358e+03
3.047995706835705732e+03 2.999490729922147693e+03 1.172366994114424415e+03 0.000000000000000000e+00 8.166666999999997643e+02 2.350000000000000000e+03 1.172130077157726419e+03 9.947081878062966780e+02 1.796678988516807294e+03 2.648374810667437487e+03 2.755045854226185384e+03 2.315287320782838378e+03 2.719885649965618995e+03 3.972384054667649252e+03 4.546824255333482142e+03 5.801939330947885537e+03 4.883361733250749239e+03 4.886176618561568830e+03 4.959082576444961887e+03 5.695222153505318602e+03 5.536100411863440058e+03 5.544929031730891438e+03 5.633717608376557109e+03 7.044245136831753371e+03 6.739765876415061030e+03 6.110282754323056906e+03 6.804328733811867096e+03 6.090178764936943480e+03 5.975730556523849373e+03
2.266911731360041813e+03 2.213594362117867149e+03 1.972941965694885766e+03 8.166666999999997643e+02 0.000000000000000000e+00 1.533333300000000236e+03 1.923899450190795733e+03 1.188018883594775389e+03 2.497220662834761697e+03 2.208380533080496207e+03 2.311805423377054467e+03 2.324088809500282878e+03 3.087834598513622950e+03 4.400104389550827364e+03 4.557289613111916879e+03 6.341091762377271152e+03 5.174322255029046573e+03 5.070722049614279058e+03 5.074391049070704867e+03 6.093553067336365530e+03 5.754028428471698135e+03 5.710719872143856264e+03 5.826829406255064896e+03 7.572244709757104829e+03 7.220437808594279886e+03 6.470552959712517804e+03 7.288213535870396299e+03 6.373033448663027229e+03 6.186059919979780716e+03
9.735388173508504224e+02 9.006170933803620073e+02 3.496228093086732770e+03 2.350000000000000000e+03 1.533333300000000236e+03 0.000000000000000000e+00 3.416829291576882042e+03 2.409760232655706659e+03 3.935380781802160072e+03 2.113777577650445892e+03 2.175111755494160661e+03 3.013534281832176475e+03 4.141289406560340467e+03 5.448662089704021128e+03 4.954907749785950728e+03 7.490327095661444218e+03 5.989272771194994675e+03 5.724120494694164336e+03 5.614712815451917777e+03 7.039274740182951973e+03 6.428978852837715749e+03 6.302326670122080941e+03 6.458374995378642780e+03 8.685172596890506611e+03 8.266616240572007882e+03 7.347202789346280042e+03 8.338148655893452087e+03 7.130061527707097412e+03 6.831794152649275929e+03
4.190100799370928144e+03 4.137397248808054428e+03 8.910043851993362978e+02 1.172130077157726419e+03 1.923899450190795733e+03 3.416829291576882042e+03 0.000000000000000000e+00 1.233333364864864734e+03 6.508540969799302047e+02 3.086349965754228379e+03 3.184380297465881085e+03 2.202271554554523846e+03 1.986761811200442480e+03 3.063531296813463086e+03 4.179746148857474509e+03 4.733714783104047456e+03 4.116363005804463683e+03 4.260575078554536958e+03 4.425086352578647166e+03 4.775458093209487743e+03 4.843461672524729693e+03 4.920893410974559629e+03 4.970770705753066068e+03 5.976923270007369865e+03 5.718634242447132237e+03 5.227332015474050422e+03 5.779513686769466403e+03 5.300969508390789997e+03 5.281052299393759313e+03
3.301893396219811166e+03 3.238526768111973524e+03 1.814907357905018898e+03 9.947081878062966780e+02 1.188018883594775389e+03 2.409760232655706659e+03 1.233333364864864734e+03 0.000000000000000000e+00 1.586488051921252463e+03 1.876758499233307248e+03 1.978565689528094481e+03 1.320774177855128301e+03 1.899853851104229079e+03 3.213176288339073380e+03 3.555629339512205206e+03 5.175288528081203367e+03 4.005135579339217657e+03 3.946341491671607855e+03 3.992110307705550440e+03 4.906062027623467657e+03 4.614749978153116899e+03 4.598577413240069291e+03 4.700012448926249817e+03 6.399848159483510244e+03 6.036969438385455760e+03 5.287353901422608942e+03 6.105234620753282798e+03 5.208886637276722468e+03 5.051390943152365253e+03
4.757742197606853551e+03 4.701359128899737698e+03 1.415489674596351733e+03 1.796678988516807294e+03 2.497220662834761697e+03 3.935380781802160072e+03 6.508540969799302047e+02 1.586488051921252463e+03 0.000000000000000000e+00 3.285363181682592312e+03 3.373507847099878290e+03 2.177217842926049798e+03 1.576300220276727487e+03 2.490666262491050020e+03 3.883655193099522876e+03 4.088058536491104405e+03 3.600347205478938122e+03 3.817867338653290517e+03 4.029336885615025494e+03 4.179746154439951169e+03 4.355700880029542532e+03 4.467822942634185893e+03 4.496690781978276391e+03 5.330468072422077967e+03 5.083333348196721090e+03 4.644740168788299343e+03 5.143091464392904527e+03 4.760543855368720870e+03 4.787104049419561306e+03
3.044348180554331520e+03 2.969895277427960536e+03 3.672797925136761023e+03 2.648374810667437487e+03 2.208380533080496207e+03 2.113777577650445892e+03 3.086349965754228379e+03 1.876758499233307248e+03 3.285363181682592312e+03 0.000000000000000000e+00 1.067186696152542993e+02 1.359738589255713123e+03 2.673844539027818882e+03 3.821569146902298144e+03 2.863806670228357689e+03 5.889373685526990812e+03 4.089145479871747284e+03 3.722193193684483958e+03 3.559689428556621806e+03 5.216693304298336443e+03 4.421195849858793736e+03 4.255950855830797082e+03 4.427563719275747644e+03 7.000257989214080226e+03 6.513106435061876255e+03 5.454712545231975128e+03 6.587066507600750811e+03 5.156037426594615681e+03 4.801339912458721301e+03
3.094978054490497925e+03 3.020669560801969510e+03 3.777160845867642365e+03 2.755045854226185384e+03 2.311805423377054467e+03 2.175111755494160661e+03 3.184380297465881085e+03 1.978565689528094481e+03 3.373507847099878290e+03 1.067186696152542993e+02 0.000000000000000000e+00 1.411952937915739994e+03 2.723610729854357032e+03 3.850602598865389609e+03 2.824102565024466912e+03 5.914624030222791589e+03 4.086733205684516179e+03 3.704201793759200882e+03 3.530265944498925819e+03 5.221456780333327515e+03 4.400615529966962640e+03 4.227455127324617933e+03 4.402309579078145362e+03 7.016250993863382064e+03 6.523142516285978672e+03 5.450407710335886804e+03 6.597242708047726410e+03 5.140255026531054682e+03 4.775619410353300736e+03
3.986261149108132486e+03 3.913828776843009564e+03 2.995644924627156342e+03 2.315287320782838378e+03 2.324088809500282878e+03 3.013534281832176475e+03 2.202271554554523846e+03 1.320774177855128301e+03 2.177217842926049798e+03 1.359738589255713123e+03 1.411952937915739994e+03 0.000000000000000000e+00 1.314238248737439790e+03 2.510057857212771069e+03 2.250246899539890364e+03 4.583090890193842824e+03 2.980119272035191898e+03 2.777138815399763189e+03 2.752826853940834098e+03 4.030508652763320697e+03 3.474415831937226358e+03 3.401580139019634771e+03 3.530384807520681534e+03 5.733260696632901272e+03 5.281676896487410886e+03 4.334166586553867091e+03 5.354385575913970570e+03 4.141691800326152588e+03 3.896852279588246347e+03
5.092505430095836346e+03 5.023749200326166829e+03 2.876147144667287193e+03 2.719885649965618995e+03 3.087834598513622950e+03 4.141289406560340467e+03 1.986761811200442480e+03 1.899853851104229079e+03 1.576300220276727487e+03 2.673844539027818882e+03 2.723610729854357032e+03 1.314238248737439790e+03 0.000000000000000000e+00 1.321762839313047607e+03 2.330295585447379835e+03 3.350165813641003297e+03 2.171149136849985553e+03 2.274068726851595329e+03 2.457697625601831987e+03 3.007028763488043296e+03 2.866295221602740185e+03 2.934134485002388374e+03 2.987308927710730131e+03 4.546824313615920801e+03 4.152643018073615167e+03 3.399346296634756072e+03 4.222295343635839345e+03 3.375442293323282229e+03 3.305898748534461902e+03
6.406149567403533183e+03 6.336659395844507344e+03 3.903801787865831557e+03 3.972384054667649252e+03 4.400104389550827364e+03 5.448662089704021128e+03 3.063531296813463086e+03 3.213176288339073380e+03 2.490666262491050020e+03 3.821569146902298144e+03 3.850602598865389609e+03 2.510057857212771069e+03 1.321762839313047607e+03 0.000000000000000000e+00 2.350159866890855483e+03 2.073383193666278657e+03 1.202913667355688631e+03 1.669922185778592393e+03 2.040853921224587339e+03 1.724931902005279198e+03 1.998416553733119372e+03 2.212033565905216165e+03 2.172372804720991553e+03 3.237879321407763655e+03 2.830930527219705255e+03 2.164037122268365238e+03 2.900708965063541200e+03 2.284422119474515057e+03 2.396638064233331988e+03
5.903388857258176358e+03 5.828855408892707601e+03 5.055827179382001304e+03 4.546824255333482142e+03 4.557289613111916879e+03 4.954907749785950728e+03 4.179746148857474509e+03 3.555629339512205206e+03 3.883655193099522876e+03 2.863806670228357689e+03 2.824102565024466912e+03 2.250246899539890364e+03 2.330295585447379835e+03 2.350159866890855483e+03 0.000000000000000000e+00 3.950035161728169896e+03 1.739811578559267673e+03 1.108051374661341924e+03 7.720823394489032125e+02 2.879863069468562117e+03 1.701151733639359691e+03 1.449951214890256097e+03 1.649942823270469944e+03 4.779702501667279648e+03 4.196724913548659060e+03 2.930917596741486250e+03 4.269823101071571728e+03 2.469817807045693826e+03 2.009994529983037864e+03
8.436198480292465320e+03 8.368359748414794012e+03 5.441226388314392352e+03 5.801939330947885537e+03 6.341091762377271152e+03 7.490327095661444218e+03 4.733714783104047456e+03 5.175288528081203367e+03 4.088058536491104405e+03 5.889373685526990812e+03 5.914624030222791589e+03 4.583090890193842824e+03 3.350165813641003297e+03 2.073383193666278657e+03 3.950035161728169896e+03 0.000000000000000000e+00 2.220673102412369644e+03 2.897220854159686041e+03 3.324154027718932412e+03 1.274645875440617829e+03 2.650904834247085546e+03 3.017967315418127328e+03 2.836796228306167450e+03 1.243873923586222190e+03 1.087938894832281676e+03 1.641560863257216170e+03 1.129036008184762522e+03 2.251542662018396186e+03 2.772562988314754421e+03
6.962778000833352053e+03 6.889867735950298083e+03 4.989600262434744764e+03 4.883361733250749239e+03 5.174322255029046573e+03 5.989272771194994675e+03 4.116363005804463683e+03 4.005135579339217657e+03 3.600347205478938122e+03 4.089145479871747284e+03 4.086733205684516179e+03 2.980119272035191898e+03 2.171149136849985553e+03 1.202913667355688631e+03 1.739811578559267673e+03 2.220673102412369644e+03 0.000000000000000000e+00 6.833332682926835560e+02 1.115671173678777677e+03 1.173077685217632506e+03 7.956772123732902173e+02 1.040204319702816974e+03 9.736843270425996479e+02 3.063449482382747192e+03 2.503885899734428676e+03 1.367276334745672102e+03 2.578220834434304834e+03 1.207039547359112021e+03 1.200545455186576419e+03
6.693612230245257706e+03 6.619583748578489576e+03 5.150215706593698997e+03 4.886176618561568830e+03 5.070722049614279058e+03 5.724120494694164336e+03 4.260575078554536958e+03 3.946341491671607855e+03 3.817867338653290517e+03 3.722193193684483958e+03 3.704201793759200882e+03 2.777138815399763189e+03 2.274068726851595329e+03 1.669922185778592393e+03 1.108051374661341924e+03 2.897220854159686041e+03 6.833332682926835560e+02 0.000000000000000000e+00 4.326918739447046391e+02 1.775528090456470409e+03 7.048709195420461810e+02 6.630087949438075157e+02 7.561085300225356605e+02 3.673932208894927953e+03 3.088733976710990646e+03 1.833712082089224850e+03 3.161794515074559058e+03 1.437976950054794997e+03 1.119715633065870634e+03
6.575924129648159578e+03 6.501495570935113392e+03 5.315726139380102722e+03 4.959082576444961887e+03 5.074391049070704867e+03 5.614712815451917777e+03 4.425086352578647166e+03 3.992110307705550440e+03 4.029336885615025494e+03 3.559689428556621806e+03 3.530265944498925819e+03 2.752826853940834098e+03 2.457697625601831987e+03 2.040853921224587339e+03 7.720823394489032125e+02 3.324154027718932412e+03 1.115671173678777677e+03 4.326918739447046391e+02 0.000000000000000000e+00 2.174409273291892987e+03 9.292871032326703471e+02 6.976661500546646266e+02 8.846039684130394107e+02 4.063728484751137785e+03 3.467988523465567596e+03 2.176707524629291584e+03 3.539970221312289596e+03 1.697874470886728204e+03 1.252373348555788880e+03
8.009386876589798703e+03 7.937761389991793294e+03 5.594540973524497531e+03 5.695222153505318602e+03 6.093553067336365530e+03 7.039274740182951973e+03 4.775458093209487743e+03 4.906062027623467657e+03 4.179746154439951169e+03 5.216693304298336443e+03 5.221456780333327515e+03 4.030508652763320697e+03 3.007028763488043296e+03 1.724931902005279198e+03 2.879863069468562117e+03 1.274645875440617829e+03 1.173077685217632506e+03 1.775528090456470409e+03 2.174409273291892987e+03 0.000000000000000000e+00 1.399576787181057171e+03 1.770074569664464661e+03 1.577033109726247858e+03 1.900073113213163424e+03 1.330830954287166605e+03 5.099019513592784847e+02 1.405149285860959026e+03 1.001803952322454052e+03 1.498290435440372903e+03
7.398462747143097658e+03 7.324427100849628005e+03 5.726219769242225084e+03 5.536100411863440058e+03 5.754028428471698135e+03 6.428978852837715749e+03 4.843461672524729693e+03 4.614749978153116899e+03 4.355700880029542532e+03 4.421195849858793736e+03 4.400615529966962640e+03 3.474415831937226358e+03 2.866295221602740185e+03 1.998416553733119372e+03 1.701151733639359691e+03 2.650904834247085546e+03 7.956772123732902173e+02 7.048709195420461810e+02 9.292871032326703471e+02 1.399576787181057171e+03 0.000000000000000000e+00 3.705605639341698065e+02 1.979263727834418205e+02 3.221678644702877591e+03 2.610183078035754079e+03 1.285424118031107355e+03 2.679431320212289393e+03 7.686751074831292954e+02 4.404565962907713583e+02
7.266049135917106469e+03 7.191688068742884752e+03 5.809839744614196206e+03 5.544929031730891438e+03 5.710719872143856264e+03 6.302326670122080941e+03 4.920893410974559629e+03 4.598577413240069291e+03 4.467822942634185893e+03 4.255950855830797082e+03 4.227455127324617933e+03 3.401580139019634771e+03 2.934134485002388374e+03 2.212033565905216165e+03 1.449951214890256097e+03 3.017967315418127328e+03 1.040204319702816974e+03 6.630087949438075157e+02 6.976661500546646266e+02 1.770074569664464661e+03 3.705605639341698065e+02 0.000000000000000000e+00 2.201419996275131439e+02 3.583194711802773327e+03 2.969006078734385483e+03 1.638257056195040377e+03 3.037292455904001599e+03 1.070343919290304711e+03 5.600778428811671574e+02
7.424952716351917843e+03 7.350714029915649007e+03 5.856586662007038285e+03 5.633717608376557109e+03 5.826829406255064896e+03 6.458374995378642780e+03 4.970770705753066068e+03 4.700012448926249817e+03 4.496690781978276391e+03 4.427563719275747644e+03 4.402309579078145362e+03 3.530384807520681534e+03 2.987308927710730131e+03 2.172372804720991553e+03 1.649942823270469944e+03 2.836796228306167450e+03 9.736843270425996479e+02 7.561085300225356605e+02 8.846039684130394107e+02 1.577033109726247858e+03 1.979263727834418205e+02 2.201419996275131439e+02 0.000000000000000000e+00 3.370025289028460975e+03 2.754487228153677734e+03 1.422236136924118455e+03 2.822265325707588545e+03 8.506402882897860991e+02 3.741393444779913580e+02
9.639271595117781544e+03 9.570382625812015249e+03 6.674682741857059227e+03 7.044245136831753371e+03 7.572244709757104829e+03 8.685172596890506611e+03 5.976923270007369865e+03 6.399848159483510244e+03 5.330468072422077967e+03 7.000257989214080226e+03 7.016250993863382064e+03 5.733260696632901272e+03 4.546824313615920801e+03 3.237879321407763655e+03 4.779702501667279648e+03 1.243873923586222190e+03 3.063449482382747192e+03 3.673932208894927953e+03 4.063728484751137785e+03 1.900073113213163424e+03 3.221678644702877591e+03 3.583194711802773327e+03 3.370025289028460975e+03 0.000000000000000000e+00 6.202598281723952596e+02 1.951139266058565909e+03 5.590169943749474442e+02 2.580482323993800946e+03 3.172711210295084129e+03
9.229436602523472175e+03 9.159224252510568476e+03 6.464690402314542553e+03 6.739765876415061030e+03 7.220437808594279886e+03 8.266616240572007882e+03 5.718634242447132237e+03 6.036969438385455760e+03 5.083333348196721090e+03 6.513106435061876255e+03 6.523142516285978672e+03 5.281676896487410886e+03 4.152643018073615167e+03 2.830930527219705255e+03 4.196724913548659060e+03 1.087938894832281676e+03 2.503885899734428676e+03 3.088733976710990646e+03 3.467988523465567596e+03 1.330830954287166605e+03 2.610183078035754079e+03 2.969006078734385483e+03 2.754487228153677734e+03 6.202598281723952596e+02 0.000000000000000000e+00 1.333333300000000236e+03 7.453565887848701266e+01 1.960229578391265932e+03 2.552530330977818721e+03
8.320273120450367060e+03 8.247710137028607278e+03 6.060161328252279418e+03 6.110282754323056906e+03 6.470552959712517804e+03 7.347202789346280042e+03 5.227332015474050422e+03 5.287353901422608942e+03 4.644740168788299343e+03 5.454712545231975128e+03 5.450407710335886804e+03 4.334166586553867091e+03 3.399346296634756072e+03 2.164037122268365238e+03 2.930917596741486250e+03 1.641560863257216170e+03 1.367276334745672102e+03 1.833712082089224850e+03 2.176707524629291584e+03 5.099019513592784847e+02 1.285424118031107355e+03 1.638257056195040377e+03 1.422236136924118455e+03 1.951139266058565909e+03 1.333333300000000236e+03 0.000000000000000000e+00 1.400396770760187110e+03 6.482883763333179559e+02 1.230418525922013487e+03
9.300612355885201396e+03 9.230459912942826122e+03 6.521928879131116446e+03 6.804328733811867096e+03 7.288213535870396299e+03 8.338148655893452087e+03 5.779513686769466403e+03 6.105234620753282798e+03 5.143091464392904527e+03 6.587066507600750811e+03 6.597242708047726410e+03 5.354385575913970570e+03 4.222295343635839345e+03 2.900708965063541200e+03 4.269823101071571728e+03 1.129036008184762522e+03 2.578220834434304834e+03 3.161794515074559058e+03 3.539970221312289596e+03 1.405149285860959026e+03 2.679431320212289393e+03 3.037292455904001599e+03 2.822265325707588545e+03 5.590169943749474442e+02 7.453565887848701266e+01 1.400396770760187110e+03 0.000000000000000000e+00 2.023542026854013102e+03 2.616228578303527684e+03
8.102468759581859558e+03 8.028836908156608843e+03 6.164256255849342779e+03 6.090178764936943480e+03 6.373033448663027229e+03 7.130061527707097412e+03 5.300969508390789997e+03 5.208886637276722468e+03 4.760543855368720870e+03 5.156037426594615681e+03 5.140255026531054682e+03 4.141691800326152588e+03 3.375442293323282229e+03 2.284422119474515057e+03 2.469817807045693826e+03 2.251542662018396186e+03 1.207039547359112021e+03 1.437976950054794997e+03 1.697874470886728204e+03 1.001803952322454052e+03 7.686751074831292954e+02 1.070343919290304711e+03 8.506402882897860991e+02 2.580482323993800946e+03 1.960229578391265932e+03 6.482883763333179559e+02 2.023542026854013102e+03 0.000000000000000000e+00 5.929399890054054367e+02
7.798697942000429975e+03 7.724474366167594781e+03 6.162548481235685358e+03 5.975730556523849373e+03 6.186059919979780716e+03 6.831794152649275929e+03 5.281052299393759313e+03 5.051390943152365253e+03 4.787104049419561306e+03 4.801339912458721301e+03 4.775619410353300736e+03 3.896852279588246347e+03 3.305898748534461902e+03 2.396638064233331988e+03 2.009994529983037864e+03 2.772562988314754421e+03 1.200545455186576419e+03 1.119715633065870634e+03 1.252373348555788880e+03 1.498290435440372903e+03 4.404565962907713583e+02 5.600778428811671574e+02 3.741393444779913580e+02 3.172711210295084129e+03 2.552530330977818721e+03 1.230418525922013487e+03 2.616228578303527684e+03 5.929399890054054367e+02 0.000000000000000000e+00
